A R N D C Q E G H I L K M F P S T W Y V B Z X
A -40 -72 -72 -76 -68 -68 -68 -64 -72 -72 -72 -68 -68 -76 -68 -56 -64 -80 -76 -64 -72 -68 -68 
R -72 -32 -68 -72 -84 -60 -64 -76 -64 -80 -76 -52 -72 -80 -76 -68 -72 -80 -76 -80 -72 -64 -72 
N -72 -68 -32 -56 -80 -64 -64 -68 -60 -84 -84 -64 -76 -80 -76 -60 -64 -88 -76 -80 -44 -64 -72 
D -76 -72 -56 -28 -84 -64 -56 -72 -72 -84 -84 -68 -84 -84 -72 -64 -72 -88 -84 -84 -40 -60 -72 
C -68 -84 -80 -84 -12 -80 -84 -80 -80 -72 -72 -84 -72 -80 -80 -68 -68 -76 -80 -68 -84 -84 -76 
Q -68 -60 -64 -64 -80 -32 -52 -76 -60 -80 -76 -56 -68 -84 -72 -64 -68 -76 -72 -76 -64 -44 -68 
E -68 -64 -64 -56 -84 -52 -36 -76 -64 -84 -80 -60 -76 -84 -72 -64 -68 -80 -76 -80 -60 -40 -68 
G -64 -76 -68 -72 -80 -76 -76 -32 -76 -88 -84 -72 -80 -84 -76 -64 -72 -80 -84 -84 -68 -76 -72 
H -72 -64 -60 -72 -80 -60 -64 -76 -20 -84 -80 -68 -72 -72 -76 -68 -76 -80 -52 -84 -68 -64 -72 
I -72 -80 -84 -84 -72 -80 -84 -88 -84 -40 -56 -80 -56 -64 -80 -80 -68 -80 -72 -48 -84 -84 -72 
L -72 -76 -84 -84 -72 -76 -80 -84 -80 -56 -40 -80 -52 -60 -80 -80 -72 -72 -72 -60 -84 -80 -72 
K -68 -52 -64 -68 -84 -56 -60 -72 -68 -80 -80 -36 -72 -84 -72 -64 -68 -80 -76 -76 -68 -60 -68 
M -68 -72 -76 -84 -72 -68 -76 -80 -72 -56 -52 -72 -32 -64 -80 -72 -68 -72 -68 -60 -80 -72 -68 
F -76 -80 -80 -84 -80 -84 -84 -84 -72 -64 -60 -84 -64 -28 -84 -80 -76 -60 -48 -68 -84 -84 -72 
P -68 -76 -76 -72 -80 -72 -72 -76 -76 -80 -80 -72 -80 -84 -20 -68 -72 -84 -80 -80 -76 -72 -72 
S -56 -68 -60 -64 -68 -64 -64 -64 -68 -80 -80 -64 -72 -80 -68 -40 -56 -80 -76 -72 -64 -64 -68 
T -64 -72 -64 -72 -68 -68 -68 -72 -76 -68 -72 -68 -68 -76 -72 -56 -36 -80 -72 -64 -68 -68 -68 
W -80 -80 -88 -88 -76 -76 -80 -80 -80 -80 -72 -80 -72 -60 -84 -80 -80 0 -52 -80 -88 -80 -76 
Y -76 -76 -76 -84 -80 -72 -76 -84 -52 -72 -72 -76 -68 -48 -80 -76 -72 -52 -24 -72 -80 -76 -72 
V -64 -80 -80 -84 -68 -76 -80 -84 -84 -48 -60 -76 -60 -68 -80 -72 -64 -80 -72 -40 -84 -80 -68 
B -72 -72 -44 -40 -84 -64 -60 -68 -68 -84 -84 -68 -80 -84 -76 -64 -68 -88 -80 -84 -44 -64 -72 
Z -68 -64 -64 -60 -84 -44 -40 -76 -64 -84 -80 -60 -72 -84 -72 -64 -68 -80 -76 -80 -64 -44 -68 
X -68 -72 -72 -72 -76 -68 -68 -72 -72 -72 -72 -68 -68 -72 -72 -68 -68 -76 -72 -68 -72 -68 -72 